

pc=c(0.235, 0.265, 0.272, 0.263, 0.294, 0.285, 0.296, 0.325, 0.305, 0.317,
 0.357, 0.345, 0.331, 0.337, 0.360, 0.370, 0.345, 0.331, 0.337, 0.360, 0.370,
 0.345, 0.331, 0.337, 0.360, 0.370)
gi=c(0.658, 0.659, 0.664, 0.619, 0.605, 0.588, 0.548, 0.526, 0.476, 0.470,
 0.459, 0.399, 0.354, 0.294, 0.279, 0.213, 0.2, 0.14, 0.08, 0.22,
 0.3, 0.399, 0.354, 0.294, 0.279, 0.213)
rp=c(0.564, 0.565, 0.579, 0.556, 0.581, 0.562, 0.527, 0.548, 0.533, 0.515,
 0.553, 0.552, 0.514, 0.518, 0.536, 0.543, 0.552, 0.514, 0.518, 0.536, 0.543,
 0.552, 0.514, 0.518, 0.536, 0.543)
ss=c(0.578, 0.579, 0.575, 0.542, 0.566, 0.560, 0.520, 0.531, 0.521, 0.528,
 0.544, 0.535, 0.505, 0.494, 0.549, 0.524, 0.535, 0.505, 0.494, 0.549, 0.524,
 0.535, 0.505, 0.494, 0.549, 0.524)
lp=c(0.666, 0.683, 0.684, 0.676, 0.692, 0.683, 0.671, 0.662, 0.662, 0.640, 
 0.684, 0.667, 0.627, 0.644, 0.647, 0.644, 0.667, 0.627, 0.644, 0.647, 0.644, 
 0.667, 0.627, 0.644, 0.647, 0.644)


pdf()
plot(10:35,pc,ylim=c(0,1),typ="l",ylab="power",xlab="p",lwd=2,,xaxt='n',xlim=c(10,35))
points(10:35,ss,typ="l",col=2,lwd=2)
points(10:35,lp,typ="l",col=3,lwd=2)
points(10:35,rp,typ="l",col=4,lwd=2)
points(10:35,gi,typ="l",col=5,lwd=2)
axis(1,at=c(0,10,20,30,40),labels=c(0,10,20,30,40),line=0)
title(main="")
legend("topright", legend=c("PC","Shrinkage","LASSO","Ridge","G.inverse"), col = 1:5,lwd=2)
dev.off()